%YAML:1.0

#--------------------------------------------------------------------------------------------
# Camera Parameters. Adjust them!
#--------------------------------------------------------------------------------------------

# Camera calibration and distortion parameters (OpenCV) 
#
#
Camera1.fx: 743.8041254687444
Camera1.fy: 743.8041254687444
Camera1.cx: 365.86266803741455
Camera1.cy: 238.70182609558105

Camera2.fx: 743.80514347
Camera2.fy: 743.02407821
Camera2.cx: 397.50160762
Camera2.cy: 235.43815466

Camera.image_width: 752
Camera.image_height: 480

# stereo baseline times fx (in mm)
#Camera.bf: 3242.2
#Camera.bf: 258.0
Camera.baseline: 45.1932

Camera1.k1: 0.12598132
Camera1.k2: -0.22447148
Camera1.k3: 0.09229389
Camera1.p1: 0.00074527
Camera1.p2: 0.00802387

Camera2.k1: 0.11779527
Camera2.k2: -0.17293219 
Camera2.k3: 0.00237161
Camera2.p1: 0.00838884
Camera2.p2: 0.05137548

Camera.grid_height: 60
Camera.grid_width: 40
Camera.search_x: 30
Camera.search_y: 6
Camera.window_size: 4
Camera.window_size_opt_flow: 8
Camera.window_size_depth_calculator: 25
Camera.max_pyramid_levels: 3

Camera.dist_window_k0: 0.2
Camera.dist_window_k1: 1.0
Camera.dist_window_k2: 7.0
Camera.dist_window_k3: 12.0

Camera.cost_k0: 50000
Camera.cost_k1: 100000

LEFT.height: 480
LEFT.width: 752
LEFT.D: !!opencv-matrix
   rows: 1
   cols: 5
   dt: d
   data: [ 0.12598132,-0.22447148, 0.00074527, 0.00802387, 0.09229389]
LEFT.K: !!opencv-matrix
   rows: 3
   cols: 3
   dt: d
   data: [745.19597471,  0.        ,392.53720339,  0.        ,744.58417273,233.69856607,  0.        ,  0.        ,  1.        ]
LEFT.R: !!opencv-matrix
   rows: 3
   cols: 3
   dt: d
   data: [ 0.99935708,-0.00462812, 0.0355528 , 0.00464915, 0.99998906,-0.00050886,-0.03555006, 0.00067382, 0.99936767]
LEFT.P: !!opencv-matrix
   rows: 3
   cols: 4
   dt: d
   data: [743.80412547,  0.        ,365.86266804,  0.        ,  0.        ,743.80412547,238.7018261 ,  0.        ,  0.        ,  0.        ,  1.        ,  0.        ]

RIGHT.height: 480
RIGHT.width: 752
RIGHT.D: !!opencv-matrix
   rows: 1
   cols: 5
   dt: d
   data: [ 0.11779527,-0.17293219, 0.00237161, 0.00838884, 0.05137548]
RIGHT.K: !!opencv-matrix
   rows: 3
   cols: 3
   dt: d
   data: [743.80514347,  0.        ,397.50160762,  0.        ,743.02407821,235.43815466,  0.        ,  0.        ,  1.        ]
RIGHT.R: !!opencv-matrix
   rows: 3
   cols: 3
   dt: d
   data: [ 0.99924419,-0.00242938, 0.03879632, 0.00241153, 0.99999696, 0.00050704,-0.03879743,-0.0004131 , 0.99924701]
RIGHT.P: !!opencv-matrix
   rows: 3
   cols: 4
   dt: d
   data: [ 743.80412547,   0.        , 365.86266804,-268.37466442,   0.        , 743.80412547, 238.7018261 ,   0.        ,   0.        ,   0.        ,   1.        ,   0.        ]

