%YAML:1.0

#--------------------------------------------------------------------------------------------
# Camera Parameters. Adjust them!
#--------------------------------------------------------------------------------------------

# Camera calibration and distortion parameters (OpenCV) 
Camera1.fx: 435.2046959714599
Camera1.fy: 435.2046959714599
Camera1.cx: 367.4517211914062
Camera1.cy: 252.2008514404297

Camera2.fx: 435.2046959714599
Camera2.fy: 435.2046959714599
Camera2.cx: 367.4517211914062
Camera2.cy: 252.2008514404297

Camera.baseline: 47.90639384423901

Camera1.k1: 0.0
Camera1.k2: 0.0
Camera1.k3: 0.0
Camera1.p1: 0.0
Camera1.p2: 0.0

Camera2.k1: 0.0
Camera2.k2: 0.0
Camera2.k3: 0.0
Camera2.p1: 0.0
Camera2.p2: 0.0

Camera.width: 752
Camera.height: 480

Camera.grid_width: 54
Camera.grid_height: 48
Camera.search_x: 60
Camera.search_y: 6
Camera.window_size_pose_estimator: 4
Camera.window_size_opt_flow: 31
Camera.window_size_depth_calculator: 31
Camera.max_pyramid_levels: 6
Camera.min_pyramid_level_pose_estimation: 2

#--------------------------------------------------------------------------------------------
# Stereo Rectification. Only if you need to pre-rectify the images.
# Camera.fx, .fy, etc must be the same as in LEFT.P
#--------------------------------------------------------------------------------------------
LEFT.height: 480
LEFT.width: 752
LEFT.D: !!opencv-matrix
   rows: 1
   cols: 5
   dt: d
   data:[-0.28340811, 0.07395907, 0.00019359, 1.76187114e-05, 0.0]
LEFT.K: !!opencv-matrix
   rows: 3
   cols: 3
   dt: d
   data: [458.654, 0.0, 367.215, 0.0, 457.296, 248.375, 0.0, 0.0, 1.0]
LEFT.R:  !!opencv-matrix
   rows: 3
   cols: 3
   dt: d
   data: [0.999966347530033, -0.001422739138722922, 0.008079580483432283, 0.001365741834644127, 0.9999741760894847, 0.007055629199258132, -0.008089410156878961, -0.007044357138835809, 0.9999424675829176]
LEFT.P:  !!opencv-matrix
   rows: 3
   cols: 4
   dt: d
   data: [435.2046959714599, 0, 367.4517211914062, 0,  0, 435.2046959714599, 252.2008514404297, 0,  0, 0, 1, 0]

RIGHT.height: 480
RIGHT.width: 752
RIGHT.D: !!opencv-matrix
   rows: 1
   cols: 5
   dt: d
   data:[-0.28368365, 0.07451284, -0.00010473, -3.555907e-05, 0.0]
RIGHT.K: !!opencv-matrix
   rows: 3
   cols: 3
   dt: d
   data: [457.587, 0.0, 379.999, 0.0, 456.134, 255.238, 0.0, 0.0, 1]
RIGHT.R:  !!opencv-matrix
   rows: 3
   cols: 3
   dt: d
   data: [0.9999633526194376, -0.003625811871560086, 0.007755443660172947, 0.003680398547259526, 0.9999684752771629, -0.007035845251224894, -0.007729688520722713, 0.007064130529506649, 0.999945173484644]
RIGHT.P:  !!opencv-matrix
   rows: 3
   cols: 4
   dt: d
   data: [435.2046959714599, 0, 367.4517211914062, -47.90639384423901, 0, 435.2046959714599, 252.2008514404297, 0, 0, 0, 1, 0]

#--------------------------------------------------------------------------------------------
# ORB Parameters
#--------------------------------------------------------------------------------------------

# ORB Extractor: Number of features per image
ORBextractor.nFeatures: 1200

# ORB Extractor: Scale factor between levels in the scale pyramid 	
ORBextractor.scaleFactor: 1.2

# ORB Extractor: Number of levels in the scale pyramid	
ORBextractor.nLevels: 8

# ORB Extractor: Fast threshold
# Image is divided in a grid. At each cell FAST are extracted imposing a minimum response.
# Firstly we impose iniThFAST. If no corners are detected we impose a lower value minThFAST
# You can lower these values if your images have low contrast			
ORBextractor.iniThFAST: 20
ORBextractor.minThFAST: 7

#--------------------------------------------------------------------------------------------
# Viewer Parameters
#--------------------------------------------------------------------------------------------
Viewer.KeyFrameSize: 0.05
Viewer.KeyFrameLineWidth: 1
Viewer.GraphLineWidth: 0.9
Viewer.PointSize:2
Viewer.CameraSize: 0.08
Viewer.CameraLineWidth: 3
Viewer.ViewpointX: 0
Viewer.ViewpointY: -0.7
Viewer.ViewpointZ: -1.8
Viewer.ViewpointF: 500

stereosgbm.cn: 3
stereosgbm.preFilterCap: 61
stereosgbm.windowSize: 3
stereosgbm.blockSize: 16
stereosgbm.minDisparity: 2
stereosgbm.speckleRange: 32
stereosgbm.disp12MaxDiff: 1
stereosgbm.uniquenessRatio: 10
stereosgbm.speckleWindowSize: 100
stereosgbm.numberOfDisparities: 112

cpu.system: 5
cpu.stereoleft: 5
cpu.stereoright: 4
cpu.loopclosing: 4
cpu.localmapping: 3
cpu.loopcloseing: 2
cpu.densify: 1
cpu.viewer: 0

Densify.enabled: 0
ORBextractor.orbextractor: 0
